6371000.0 0.0
6370874.241914449 40029.910204576074
6370496.972622513 80058.24009683946
6369868.207018134 120083.40942686549
6368987.969923904 160103.83806950308
6367856.296090076 200117.94608675534
6366473.230193194 240124.15379015295
6364838.826834332 280120.8818031173
6362953.150536938 320106.55112331186
6360816.27574428 360079.5831849782
6358428.286816518 400038.3999212555
6355789.278027366 439981.42382647924
6352899.353560371 479907.0780184594
6349758.627504804 519813.7863007317
6346367.223851152 559699.9732247847
6342725.276486223 599564.0641522547
6338832.929187863 639404.4853170901
6334690.33561928 679219.6638876809
6330297.659322973 719008.0280289517
6325655.073714283 758768.0069644151
6320762.7620745385 798498.0310381824
6315620.917543827 838196.5317769318
6310229.743113365 877861.941951829
6304589.451617489 917492.6956403985
6298700.26572525 957087.2282883433
6292562.417931623 996643.9767713109
6286176.150548328 1036161.3794566033
6279541.715694266 1075637.8762648276
6272659.375285567 1115071.9087314836
6265529.401025246 1154461.9200684922
6258152.074392476 1193806.3552256515
6250527.686631481 1233103.6609520304
6242656.538740037 1272352.2858572872
6234538.941457583 1311550.680472914
6226175.215252961 1350697.29731341
6217565.69031176 1389790.5909373728
6208710.706523282 1428829.0180085073
6199610.613467128 1467811.0373565585
6190265.770399388 1506735.1100381499
6180676.546238464 1545599.6993975407
6170843.319550509 1584403.2711272899
6160766.478534473 1623144.2933288277
6150446.421006788 1661821.2365729334
6139883.554385652 1700432.5739601124
6129078.295674954 1738976.7811808786
6118031.071447805 1777452.3365759298
6106742.317829701 1815857.7211962177
6095212.480481309 1854191.4188629198
6083442.014580863 1892451.9162272895
6071431.384806202 1930637.7028304029
6059181.065316423 1968747.2711627898
6046691.539733167 2006779.1167239468
6033963.301121516 2044731.7380817316
6020996.851970537 2082603.6369316385
6007792.70417344 2120393.3181559476
5994351.37900737 2158099.289882751
5980673.407112831 2195720.063544848
5966759.3284727335 2233254.1539385114
5952609.692391075 2270700.0792821203
5938225.057471262 2308056.36127466
5923605.99159405 2345321.525154083
5908753.071895127 2382494.0997555265
5893666.884742333 2419572.6175693944
5878348.025712501 2456555.614799293
5862797.09956796 2493441.6314198165
5847014.720232644 2530229.2112341872
5831001.510767866 2566916.9019317445
5814758.103347716 2603503.2551452797
5798285.139234107 2639986.8265082133
5781583.2687514555 2676366.175711618
5764653.15126101 2712639.8665610785
5747495.45513482 2748806.467033389
5730110.85772935 2784864.549333093
5712500.045358738 2820812.689948841
5694663.713267702 2856649.469709595
5676602.565604092 2892373.4738406525
5658317.315391093 2927983.292019499
5639808.684499073 2963477.518431487
5621077.403617088 2998854.7518253336
5602124.212224034 3034113.59556844
5582949.858559455 3069252.6577020283
5563555.099594002 3104270.5509960917
5543940.700999548 3139165.8930041655
5524107.437118966 3173937.306117896
5504056.090935553 3208583.417621432
5483787.454042125 3243102.8597456156
5463302.326609759 3277494.2697219774
5442601.517356209 3311756.28983654
5421685.843513982 3345887.5674834144
5400556.130798065 3379886.7552182027
5379213.213373338 3413752.510811188
5357657.933821635 3447483.4973003254
5335891.143108485 3481078.3830440287
5313913.700549514 3514535.841773729
5291726.473776522 3547854.5526462453
5269330.338703234 3581033.2002959237
5246726.179490712 3614070.474886566
5223914.888512457 3646965.0721631385
5200897.366319179 3679715.693503267
5177674.521603242 3712321.0459684986
5154247.27116279 3744779.8423553463
5130616.539865557 3777090.8012461085
5106783.260612355 3809252.6470594523
5082748.374300237 3841264.1101007764
5058512.829785359 3873123.926612331
5034077.583845523 3904830.8388231127
5009443.601142399 3936383.59499852
4984611.854183443 3967780.9494897653
4959583.323283507 3999021.662783053
4934358.996526133 4030104.5015485156
4908939.869724553 4061028.2386889015
4883326.946382368 4091791.653388019
4857521.237653934 4122393.531158929
4831523.762304447 4152832.663891899
4805335.546669717 4183107.849902086
4778957.624615658 4213217.8939769855
4752391.037497465 4243161.6074236175
4725636.834118508 4272937.808115443
4698696.070688926 4302545.320539046
4671569.81078393 4331982.975840533
4644259.125301813 4361249.611871676
4616765.092421674 4390344.073235797
4589088.797560855 4419265.21133338
4561231.333332087 4448011.884407414
4533193.799500357 4476582.957588469
4504977.302939494 4504977.302939494
4476582.957588469 4533193.799500357
4448011.884407415 4561231.333332086
4419265.21133338 4589088.797560855
4390344.073235797 4616765.092421674
4361249.611871676 4644259.125301813
4331982.975840533 4671569.810783929
4302545.320539047 4698696.070688926
4272937.808115443 4725636.834118508
4243161.6074236175 4752391.037497465
4213217.8939769855 4778957.624615658
4183107.8499020855 4805335.546669717
4152832.663891898 4831523.762304447
4122393.5311589297 4857521.237653934
4091791.6533880187 4883326.946382368
4061028.2386889015 4908939.869724553
4030104.5015485166 4934358.996526133
3999021.6627830532 4959583.323283506
3967780.9494897653 4984611.854183443
3936383.594998521 5009443.601142398
3904830.838823114 5034077.583845523
3873123.9266123315 5058512.829785358
3841264.110100777 5082748.374300236
3809252.647059453 5106783.260612355
3777090.801246109 5130616.539865557
3744779.8423553463 5154247.27116279
3712321.0459684986 5177674.521603242
3679715.693503267 5200897.366319179
3646965.0721631395 5223914.888512457
3614070.474886566 5246726.179490712
3581033.2002959237 5269330.338703234
3547854.5526462463 5291726.473776522
3514535.8417737293 5313913.700549513
3481078.3830440287 5335891.143108484
3447483.4973003264 5357657.933821635
3413752.510811187 5379213.213373338
3379886.755218203 5400556.130798064
3345887.567483415 5421685.843513981
3311756.28983654 5442601.517356209
3277494.2697219774 5463302.326609759
3243102.859745615 5483787.454042125
3208583.417621433 5504056.090935553
3173937.306117896 5524107.437118966
3139165.8930041655 5543940.700999548
3104270.5509960917 5563555.099594002
3069252.6577020274 5582949.858559456
3034113.59556844 5602124.212224034
2998854.751825335 5621077.403617087
2963477.518431488 5639808.684499072
2927983.2920194995 5658317.315391092
2892373.4738406525 5676602.565604092
2856649.4697095966 5694663.713267701
2820812.6899488424 5712500.045358737
2784864.549333094 5730110.857729349
2748806.46703339 5747495.45513482
2712639.866561078 5764653.151261011
2676366.1757116187 5781583.2687514555
2639986.8265082138 5798285.139234107
2603503.25514528 5814758.103347716
2566916.901931745 5831001.510767866
2530229.211234187 5847014.720232644
2493441.6314198175 5862797.099567959
2456555.6147992937 5878348.025712501
2419572.617569395 5893666.884742333
2382494.0997555265 5908753.071895127
2345321.525154084 5923605.991594049
2308056.361274661 5938225.057471262
2270700.0792821203 5952609.692391075
2233254.153938511 5966759.3284727335
2195720.063544848 5980673.407112831
2158099.289882752 5994351.37900737
2120393.318155948 6007792.704173439
2082603.6369316385 6020996.851970537
2044731.7380817314 6033963.301121516
2006779.116723946 6046691.539733167
1968747.2711627902 6059181.065316423
1930637.702830403 6071431.384806202
1892451.916227289 6083442.014580863
1854191.418862919 6095212.48048131
1815857.7211962182 6106742.317829701
1777452.3365759312 6118031.071447804
1738976.78118088 6129078.295674953
1700432.5739601133 6139883.554385652
1661821.2365729338 6150446.421006788
1623144.2933288277 6160766.478534473
1584403.271127291 6170843.319550509
1545599.6993975413 6180676.546238464
1506735.1100381503 6190265.770399387
1467811.037356559 6199610.613467128
1428829.0180085073 6208710.706523282
1389790.5909373735 6217565.690311759
1350697.2973134108 6226175.215252961
1311550.6804729141 6234538.941457583
1272352.285857287 6242656.538740037
1233103.6609520316 6250527.686631481
1193806.3552256522 6258152.074392475
1154461.9200684924 6265529.401025246
1115071.9087314836 6272659.375285567
1075637.876264827 6279541.715694266
1036161.3794566041 6286176.150548328
996643.9767713113 6292562.417931623
957087.2282883433 6298700.26572525
917492.6956403982 6304589.451617489
877861.9419518285 6310229.743113365
838196.5317769322 6315620.917543827
798498.0310381824 6320762.7620745385
758768.0069644148 6325655.073714283
719008.0280289513 6330297.659322973
679219.6638876814 6334690.33561928
639404.4853170902 6338832.929187863
599564.0641522559 6342725.276486223
559699.9732247856 6346367.223851152
519813.78630073235 6349758.627504804
479907.07801845955 6352899.353560371
439981.42382648063 6355789.278027366
400038.39992125647 6358428.286816518
360079.5831849788 6360816.27574428
320106.5511233121 6362953.150536938
280120.8818031172 6364838.826834332
240124.15379015394 6366473.230193194
200117.946086756 6367856.296090076
160103.8380695034 6368987.969923904
120083.40942686549 6369868.207018134
80058.24009684053 6370496.972622513
40029.91020457681 6370874.241914449
3.901112378683894e-10 6371000.0
-40029.91020457603 6370874.241914449
-80058.24009683976 6370496.972622513
-120083.40942686472 6369868.207018134
-160103.8380695026 6368987.969923904
-200117.94608675526 6367856.296090076
-240124.15379015318 6366473.230193194
-280120.88180311647 6364838.826834332
-320106.55112331134 6362953.150536938
-360079.5831849781 6360816.27574428
-400038.3999212557 6358428.286816518
-439981.4238264799 6355789.278027366
-479907.07801845873 6352899.353560371
-519813.78630073153 6349758.627504804
-559699.9732247848 6346367.223851152
-599564.0641522551 6342725.276486223
-639404.4853170908 6338832.929187863
-679219.6638876806 6334690.33561928
-719008.0280289518 6330297.659322973
-758768.0069644155 6325655.073714283
-798498.0310381831 6320762.762074538
-838196.5317769315 6315620.917543827
-877861.941951829 6310229.743113365
-917492.6956403989 6304589.451617489
-957087.2282883438 6298700.265725249
-996643.976771312 6292562.417931622
-1036161.3794566033 6286176.150548328
-1075637.8762648276 6279541.715694266
-1115071.9087314843 6272659.375285567
-1154461.920068493 6265529.401025245
-1193806.355225653 6258152.074392475
-1233103.660952031 6250527.686631481
-1272352.2858572863 6242656.538740037
-1311550.680472912 6234538.941457584
-1350697.2973134085 6226175.215252961
-1389790.5909373714 6217565.69031176
-1428829.0180085066 6208710.706523283
-1467811.0373565566 6199610.613467129
-1506735.1100381482 6190265.770399388
-1545599.6993975393 6180676.546238464
-1584403.271127289 6170843.31955051
-1623144.293328827 6160766.478534474
-1661821.2365729318 6150446.4210067885
-1700432.5739601112 6139883.554385653
-1738976.781180878 6129078.295674954
-1777452.336575929 6118031.071447805
-1815857.7211962175 6106742.317829702
-1854191.4188629184 6095212.48048131
-1892451.9162272883 6083442.014580863
-1930637.7028304022 6071431.384806202
-1968747.2711627895 6059181.065316424
-2006779.1167239454 6046691.539733168
-2044731.7380817307 6033963.301121516
-2082603.6369316378 6020996.851970538
-2120393.3181559476 6007792.70417344
-2158099.289882751 5994351.37900737
-2195720.063544847 5980673.407112832
-2233254.15393851 5966759.3284727335
-2270700.07928212 5952609.692391076
-2308056.36127466 5938225.057471262
-2345321.5251540835 5923605.991594049
-2382494.0997555256 5908753.071895127
-2419572.6175693944 5893666.884742333
-2456555.6147992928 5878348.025712502
-2493441.6314198165 5862797.09956796
-2530229.2112341863 5847014.720232644
-2566916.901931744 5831001.510767866
-2603503.255145279 5814758.103347717
-2639986.8265082133 5798285.139234107
-2676366.175711618 5781583.2687514555
-2712639.8665610785 5764653.15126101
-2748806.4670333904 5747495.455134819
-2784864.5493330923 5730110.857729351
-2820812.6899488405 5712500.045358739
-2856649.4697095947 5694663.713267703
-2892373.473840652 5676602.565604092
-2927983.292019499 5658317.315391093
-2963477.5184314875 5639808.684499073
-2998854.751825334 5621077.403617088
-3034113.595568441 5602124.212224034
-3069252.657702029 5582949.858559454
-3104270.5509960935 5563555.099594001
-3139165.893004165 5543940.700999548
-3173937.3061178955 5524107.437118967
-3208583.417621432 5504056.090935554
-3243102.8597456156 5483787.454042125
-3277494.269721978 5463302.326609758
-3311756.2898365404 5442601.517356209
-3345887.567483416 5421685.843513981
-3379886.755218204 5400556.130798064
-3413752.510811189 5379213.213373337
-3447483.4973003254 5357657.933821635
-3481078.3830440277 5335891.143108485
-3514535.841773729 5313913.700549514
-3547854.5526462435 5291726.473776524
-3581033.2002959223 5269330.338703235
-3614070.4748865645 5246726.1794907125
-3646965.072163137 5223914.888512458
-3679715.6935032657 5200897.36631918
-3712321.045968497 5177674.5216032425
-3744779.842355346 5154247.27116279
-3777090.8012461085 5130616.539865558
-3809252.6470594504 5106783.2606123565
-3841264.110100775 5082748.374300237
-3873123.9266123297 5058512.82978536
-3904830.8388231117 5034077.583845524
-3936383.5949985194 5009443.6011424
-3967780.949489764 4984611.854183444
-3999021.662783052 4959583.323283507
-4030104.5015485156 4934358.996526133
-4061028.2386889025 4908939.869724553
-4091791.653388019 4883326.946382368
-4122393.531158928 4857521.237653936
-4152832.6638918975 4831523.762304448
-4183107.8499020846 4805335.546669719
-4213217.8939769855 4778957.624615659
-4243161.607423617 4752391.037497465
-4272937.808115443 4725636.834118508
-4302545.320539047 4698696.070688926
-4331982.975840533 4671569.810783929
-4361249.611871676 4644259.125301812
-4390344.073235796 4616765.092421676
-4419265.211333379 4589088.797560856
-4448011.884407413 4561231.333332088
-4476582.957588468 4533193.799500357
-4504977.302939494 4504977.302939494
-4533193.799500357 4476582.957588469
-4561231.333332087 4448011.884407414
-4589088.797560855 4419265.21133338
-4616765.092421674 4390344.073235797
-4644259.125301812 4361249.6118716765
-4671569.810783928 4331982.975840534
-4698696.070688926 4302545.320539048
-4725636.834118507 4272937.808115444
-4752391.037497465 4243161.6074236175
-4778957.624615658 4213217.8939769855
-4805335.546669718 4183107.8499020855
-4831523.762304447 4152832.663891898
-4857521.237653935 4122393.531158929
-4883326.946382367 4091791.65338802
-4908939.869724553 4061028.238688903
-4934358.996526132 4030104.5015485166
-4959583.323283506 3999021.6627830532
-4984611.854183443 3967780.9494897653
-5009443.601142399 3936383.59499852
-5034077.583845523 3904830.8388231127
-5058512.829785359 3873123.92661233
-5082748.374300237 3841264.1101007755
-5106783.260612356 3809252.647059452
-5130616.539865557 3777090.801246109
-5154247.271162789 3744779.8423553472
-5177674.521603242 3712321.0459684986
-5200897.366319179 3679715.693503267
-5223914.888512457 3646965.072163138
-5246726.179490712 3614070.474886565
-5269330.338703234 3581033.2002959233
-5291726.473776523 3547854.552646245
-5313913.700549513 3514535.8417737302
-5335891.143108484 3481078.383044029
-5357657.933821635 3447483.4973003264
-5379213.213373337 3413752.5108111897
-5400556.130798064 3379886.7552182046
-5421685.843513981 3345887.567483417
-5442601.5173562085 3311756.289836542
-5463302.326609758 3277494.269721979
-5483787.454042125 3243102.8597456166
-5504056.090935553 3208583.417621433
-5524107.437118966 3173937.3061178965
-5543940.700999548 3139165.893004166
-5563555.099594 3104270.5509960945
-5582949.858559454 3069252.65770203
-5602124.212224033 3034113.595568442
-5621077.403617087 2998854.7518253354
-5639808.684499072 2963477.5184314884
-5658317.315391092 2927983.2920195
-5676602.565604092 2892373.473840653
-5694663.713267702 2856649.4697095957
-5712500.045358738 2820812.689948842
-5730110.85772935 2784864.549333093
-5747495.455134819 2748806.467033392
-5764653.151261009 2712639.8665610794
-5781583.2687514555 2676366.175711619
-5798285.139234107 2639986.826508214
-5814758.103347716 2603503.2551452806
-5831001.510767866 2566916.9019317455
-5847014.720232644 2530229.2112341872
-5862797.09956796 2493441.6314198165
-5878348.025712502 2456555.6147992928
-5893666.884742332 2419572.6175693967
-5908753.071895127 2382494.099755528
-5923605.991594049 2345321.5251540844
-5938225.057471262 2308056.3612746615
-5952609.692391075 2270700.079282121
-5966759.3284727335 2233254.1539385114
-5980673.407112831 2195720.063544848
-5994351.37900737 2158099.289882751
-6007792.70417344 2120393.318155947
-6020996.851970536 2082603.63693164
-6033963.301121515 2044731.738081733
-6046691.539733166 2006779.1167239477
-6059181.065316423 1968747.2711627905
-6071431.384806201 1930637.7028304036
-6083442.014580863 1892451.9162272895
-6095212.48048131 1854191.4188629196
-6106742.317829702 1815857.7211962175
-6118031.071447805 1777452.3365759286
-6129078.295674954 1738976.781180878
-6139883.554385652 1700432.5739601138
-6150446.421006788 1661821.236572934
-6160766.478534473 1623144.2933288284
-6170843.319550509 1584403.27112729
-6180676.546238464 1545599.6993975407
-6190265.770399388 1506735.1100381494
-6199610.613467129 1467811.0373565578
-6208710.706523283 1428829.0180085064
-6217565.69031176 1389790.5909373711
-6226175.215252961 1350697.297313411
-6234538.941457583 1311550.6804729144
-6242656.538740037 1272352.2858572872
-6250527.686631481 1233103.6609520335
-6258152.074392475 1193806.355225654
-6265529.401025245 1154461.920068494
-6272659.375285567 1115071.9087314855
-6279541.715694266 1075637.876264829
-6286176.150548328 1036161.3794566045
-6292562.417931622 996643.9767713116
-6298700.265725249 957087.2282883436
-6304589.451617489 917492.6956404013
-6310229.743113365 877861.9419518317
-6315620.917543826 838196.5317769339
-6320762.762074538 798498.0310381842
-6325655.073714282 758768.0069644166
-6330297.659322973 719008.028028953
-6334690.33561928 679219.6638876818
-6338832.929187863 639404.4853170906
-6342725.276486223 599564.064152255
-6346367.223851152 559699.9732247846
-6349758.627504804 519813.7863007341
-6352899.353560371 479907.0780184614
-6355789.278027366 439981.423826481
-6358428.286816518 400038.3999212568
-6360816.27574428 360079.5831849792
-6362953.150536938 320106.5511233125
-6364838.826834332 280120.8818031176
-6366473.230193194 240124.15379015292
-6367856.296090076 200117.946086755
-6368987.969923904 160103.8380695052
-6369868.207018134 120083.40942686729
-6370496.972622513 80058.24009684092
-6370874.241914449 40029.9102045772
-6371000.0 7.802224757367787e-10
-6370874.241914449 -40029.91020457564
-6370496.972622513 -80058.24009683936
-6369868.207018134 -120083.40942686572
-6368987.969923904 -160103.83806950366
-6367856.296090076 -200117.94608675345
-6366473.230193194 -240124.15379015138
-6364838.826834332 -280120.88180311606
-6362953.150536938 -320106.551123311
-6360816.27574428 -360079.5831849777
-6358428.286816518 -400038.3999212553
-6355789.278027366 -439981.4238264794
-6352899.353560371 -479907.07801845984
-6349758.627504804 -519813.7863007326
-6346367.223851152 -559699.9732247831
-6342725.276486223 -599564.0641522533
-6338832.929187863 -639404.485317089
-6334690.33561928 -679219.6638876802
-6330297.659322973 -719008.0280289515
-6325655.073714283 -758768.0069644151
-6320762.7620745385 -798498.0310381826
-6315620.917543827 -838196.5317769325
-6310229.743113365 -877861.94195183
-6304589.451617489 -917492.6956403998
-6298700.26572525 -957087.228288342
-6292562.417931623 -996643.97677131
-6286176.150548328 -1036161.379456603
-6279541.715694266 -1075637.8762648273
-6272659.375285567 -1115071.908731484
-6265529.401025245 -1154461.9200684926
-6258152.074392475 -1193806.3552256525
-6250527.686631481 -1233103.660952032
-6242656.538740037 -1272352.2858572886
-6234538.941457584 -1311550.680472913
-6226175.215252961 -1350697.2973134094
-6217565.69031176 -1389790.5909373723
-6208710.706523282 -1428829.0180085076
-6199610.613467128 -1467811.037356559
-6190265.770399387 -1506735.1100381506
-6180676.546238464 -1545599.6993975418
-6170843.319550509 -1584403.2711272913
-6160766.478534473 -1623144.2933288296
-6150446.421006788 -1661821.2365729327
-6139883.554385652 -1700432.5739601124
-6129078.295674954 -1738976.7811808789
-6118031.071447805 -1777452.3365759298
-6106742.317829701 -1815857.7211962184
-6095212.480481309 -1854191.418862921
-6083442.014580863 -1892451.9162272906
-6071431.384806201 -1930637.7028304045
-6059181.065316423 -1968747.2711627919
-6046691.539733166 -2006779.116723949
-6033963.301121516 -2044731.7380817316
-6020996.851970537 -2082603.6369316387
-6007792.704173439 -2120393.3181559485
-5994351.37900737 -2158099.289882752
-5980673.407112831 -2195720.0635448494
-5966759.3284727335 -2233254.153938513
-5952609.692391074 -2270700.0792821217
-5938225.057471261 -2308056.361274663
-5923605.991594048 -2345321.5251540854
-5908753.071895127 -2382494.0997555265
-5893666.884742333 -2419572.6175693953
-5878348.025712503 -2456555.6147992914
-5862797.099567961 -2493441.631419815
-5847014.720232645 -2530229.2112341835
-5831001.510767868 -2566916.9019317413
-5814758.103347718 -2603503.2551452764
-5798285.139234109 -2639986.82650821
-5781583.268751457 -2676366.175711615
-5764653.151261011 -2712639.866561075
-5747495.455134821 -2748806.4670333876
-5730110.857729351 -2784864.549333092
-5712500.045358739 -2820812.6899488405
-5694663.713267704 -2856649.469709592
-5676602.5656040935 -2892373.4738406492
-5658317.315391094 -2927983.292019496
-5639808.684499074 -2963477.5184314842
-5621077.403617089 -2998854.7518253312
-5602124.2122240355 -3034113.595568438
-5582949.858559456 -3069252.6577020264
-5563555.099594002 -3104270.5509960908
-5543940.700999549 -3139165.8930041646
-5524107.437118967 -3173937.306117895
-5504056.090935555 -3208583.417621429
-5483787.454042126 -3243102.859745613
-5463302.3266097605 -3277494.269721975
-5442601.51735621 -3311756.2898365376
-5421685.843513983 -3345887.567483413
-5400556.130798066 -3379886.7552182013
-5379213.213373339 -3413752.5108111864
-5357657.933821635 -3447483.497300325
-5335891.143108485 -3481078.3830440277
-5313913.700549515 -3514535.8417737265
-5291726.473776524 -3547854.5526462435
-5269330.338703235 -3581033.200295922
-5246726.1794907125 -3614070.4748865636
-5223914.888512458 -3646965.072163137
-5200897.36631918 -3679715.6935032657
-5177674.5216032425 -3712321.045968497
-5154247.271162791 -3744779.842355346
-5130616.539865558 -3777090.8012461076
-5106783.2606123565 -3809252.6470594504
-5082748.374300237 -3841264.110100774
-5058512.829785361 -3873123.9266123287
-5034077.583845524 -3904830.8388231117
-5009443.6011424 -3936383.5949985185
-4984611.854183444 -3967780.949489764
-4959583.3232835075 -3999021.662783052
-4934358.996526134 -4030104.501548515
-4908939.869724553 -4061028.2386889015
-4883326.946382368 -4091791.653388019
-4857521.237653936 -4122393.531158928
-4831523.7623044485 -4152832.6638918966
-4805335.546669719 -4183107.849902084
-4778957.624615659 -4213217.8939769855
-4752391.037497465 -4243161.607423616
-4725636.834118508 -4272937.808115442
-4698696.070688926 -4302545.320539046
-4671569.81078393 -4331982.975840533
-4644259.125301813 -4361249.611871676
-4616765.092421676 -4390344.073235796
-4589088.797560857 -4419265.211333379
-4561231.333332088 -4448011.884407413
-4533193.799500357 -4476582.957588468
-4504977.302939495 -4504977.302939494
-4476582.957588469 -4533193.799500356
-4448011.884407415 -4561231.333332086
-4419265.21133338 -4589088.797560855
-4390344.073235797 -4616765.092421674
-4361249.611871677 -4644259.125301812
-4331982.975840534 -4671569.810783928
-4302545.320539048 -4698696.070688925
-4272937.808115444 -4725636.834118507
-4243161.6074236175 -4752391.037497465
-4213217.893976986 -4778957.624615657
-4183107.8499020855 -4805335.546669717
-4152832.6638919003 -4831523.762304445
-4122393.531158929 -4857521.237653934
-4091791.6533880206 -4883326.946382366
-4061028.238688901 -4908939.869724554
-4030104.501548517 -4934358.996526132
-3999021.6627830514 -4959583.3232835075
-3967780.9494897653 -4984611.854183443
-3936383.5949985227 -5009443.601142397
-3904830.838823113 -5034077.583845523
-3873123.926612333 -5058512.829785357
-3841264.1101007755 -5082748.374300237
-3809252.6470594537 -5106783.260612354
-3777090.801246107 -5130616.539865559
-3744779.8423553472 -5154247.271162789
-3712321.0459684962 -5177674.5216032425
-3679715.693503267 -5200897.366319179
-3646965.072163141 -5223914.888512455
-3614070.474886565 -5246726.179490712
-3581033.200295926 -5269330.338703232
-3547854.552646245 -5291726.473776523
-3514535.8417737302 -5313913.700549512
-3481078.3830440273 -5335891.143108486
-3447483.4973003264 -5357657.933821635
-3413752.5108111855 -5379213.21337334
-3379886.7552182027 -5400556.130798065
-3345887.567483412 -5421685.843513983
-3311756.28983654 -5442601.51735621
-3277494.2697219797 -5463302.326609758
-3243102.859745614 -5483787.4540421255
-3208583.4176214333 -5504056.0909355525
-3173937.3061178946 -5524107.437118967
-3139165.8930041664 -5543940.700999548
-3104270.55099609 -5563555.099594003
-3069252.657702028 -5582949.858559455
-3034113.595568437 -5602124.2122240355
-2998854.751825333 -5621077.403617088
-2963477.518431489 -5639808.684499072
-2927983.2920194976 -5658317.315391093
-2892373.4738406534 -5676602.565604092
-2856649.469709594 -5694663.713267703
-2820812.689948842 -5712500.045358738
-2784864.549333091 -5730110.857729351
-2748806.467033389 -5747495.45513482
-2712639.8665610747 -5764653.151261012
-2676366.175711617 -5781583.268751456
-2639986.8265082147 -5798285.139234107
-2603503.2551452783 -5814758.103347717
-2566916.901931746 -5831001.510767866
-2530229.2112341854 -5847014.720232644
-2493441.6314198165 -5862797.09956796
-2456555.6147992904 -5878348.025712503
-2419572.6175693995 -5893666.88474233
-2382494.0997555284 -5908753.071895126
-2345321.525154087 -5923605.991594048
-2308056.3612746615 -5938225.057471261
-2270700.0792821236 -5952609.692391073
-2233254.153938512 -5966759.3284727335
-2195720.063544851 -5980673.407112831
-2158099.289882757 -5994351.379007368
-2120393.3181559504 -6007792.704173438
-2082603.636931643 -6020996.851970535
-2044731.7380817335 -6033963.301121515
-2006779.116723951 -6046691.539733166
-1968747.271162791 -6059181.065316423
-1930637.7028304064 -6071431.3848062
-1892451.9162272897 -6083442.014580863
-1854191.4188629226 -6095212.480481308
-1815857.721196223 -6106742.3178297
-1777452.3365759319 -6118031.071447804
-1738976.7811808835 -6129078.295674952
-1700432.573960114 -6139883.554385651
-1661821.2365729373 -6150446.421006788
-1623144.2933288289 -6160766.478534473
-1584403.2711272931 -6170843.319550508
-1545599.699397541 -6180676.546238464
-1506735.1100381527 -6190265.770399387
-1467811.0373565636 -6199610.613467127
-1428829.0180085097 -6208710.706523282
-1389790.590937377 -6217565.690311759
-1350697.2973134115 -6226175.21525296
-1311550.6804729176 -6234538.941457582
-1272352.2858572877 -6242656.538740037
-1233103.660952034 -6250527.686631481
-1193806.3552256515 -6258152.074392476
-1154461.9200684945 -6265529.401025245
-1115071.9087314832 -6272659.375285568
-1075637.8762648292 -6279541.715694265
-1036161.3794566077 -6286176.150548327
-996643.976771312 -6292562.417931622
-957087.2282883468 -6298700.265725249
-917492.6956403989 -6304589.451617489
-877861.941951832 -6310229.743113365
-838196.5317769317 -6315620.917543827
-798498.0310381845 -6320762.762074538
-758768.0069644141 -6325655.073714283
-719008.0280289534 -6330297.659322973
-679219.6638876849 -6334690.335619279
-639404.485317091 -6338832.929187863
-599564.0641522581 -6342725.276486223
-559699.973224785 -6346367.223851152
-519813.78630073456 -6349758.627504804
-479907.0780184589 -6352899.353560371
-439981.42382648133 -6355789.278027366
-400038.39992125443 -6358428.286816518
-360079.5831849796 -6360816.27574428
-320106.55112331576 -6362953.150536938
-280120.881803118 -6364838.826834332
-240124.15379015615 -6366473.230193194
-200117.9460867554 -6367856.296090076
-160103.8380695056 -6368987.969923904
-120083.40942686485 -6369868.207018134
-80058.24009684131 -6370496.972622513
-40029.91020457476 -6370874.241914449
-1.170333713605168e-09 -6371000.0
40029.91020457242 -6370874.241914449
80058.24009683897 -6370496.972622513
120083.4094268625 -6369868.207018134
160103.83806950325 -6368987.969923904
200117.94608675304 -6367856.296090076
240124.1537901538 -6366473.230193194
280120.88180311566 -6364838.826834332
320106.5511233134 -6362953.150536938
360079.5831849773 -6360816.27574428
400038.39992125204 -6358428.286816518
439981.42382647906 -6355789.278027366
479907.07801845664 -6352899.353560371
519813.7863007322 -6349758.627504804
559699.9732247826 -6346367.223851152
599564.0641522558 -6342725.276486223
639404.4853170887 -6338832.929187863
679219.6638876827 -6334690.335619279
719008.028028951 -6330297.659322973
758768.0069644118 -6325655.073714283
798498.0310381822 -6320762.7620745385
838196.5317769294 -6315620.917543827
877861.9419518297 -6310229.743113365
917492.6956403966 -6304589.45161749
957087.2282883445 -6298700.265725249
996643.9767713096 -6292562.417931623
1036161.3794566054 -6286176.150548328
1075637.8762648269 -6279541.715694266
1115071.9087314808 -6272659.375285568
1154461.9200684924 -6265529.401025246
1193806.3552256492 -6258152.074392476
1233103.6609520316 -6250527.686631481
1272352.2858572854 -6242656.538740037
1311550.6804729153 -6234538.941457583
1350697.2973134092 -6226175.215252961
1389790.5909373749 -6217565.690311759
1428829.0180085073 -6208710.706523282
1467811.0373565613 -6199610.613467127
1506735.1100381503 -6190265.770399388
1545599.6993975386 -6180676.546238464
1584403.2711272908 -6170843.319550509
1623144.2933288263 -6160766.478534474
1661821.2365729352 -6150446.421006788
1700432.573960112 -6139883.554385652
1738976.7811808814 -6129078.295674953
1777452.3365759293 -6118031.071447805
1815857.721196221 -6106742.317829701
1854191.4188629205 -6095212.480481309
1892451.9162272876 -6083442.014580863
1930637.7028304043 -6071431.384806201
1968747.2711627888 -6059181.065316424
2006779.1167239489 -6046691.539733166
2044731.7380817314 -6033963.301121516
2082603.6369316408 -6020996.851970536
2120393.318155948 -6007792.704173439
2158099.2898827544 -5994351.379007369
2195720.063544849 -5980673.407112831
2233254.1539385095 -5966759.3284727335
2270700.0792821217 -5952609.692391075
2308056.3612746596 -5938225.057471262
2345321.5251540854 -5923605.991594048
2382494.0997555265 -5908753.071895127
2419572.617569397 -5893666.884742332
2456555.6147992886 -5878348.025712503
2493441.6314198147 -5862797.099567961
2530229.211234183 -5847014.720232646
2566916.9019317436 -5831001.510767866
2603503.255145276 -5814758.103347718
2639986.8265082124 -5798285.139234108
2676366.1757116145 -5781583.268751457
2712639.8665610724 -5764653.151261013
2748806.467033387 -5747495.455134822
2784864.5493330886 -5730110.857729352
2820812.68994884 -5712500.045358739
2856649.4697095915 -5694663.713267704
2892373.4738406516 -5676602.565604092
2927983.2920194957 -5658317.315391094
2963477.5184314866 -5639808.684499073
2998854.751825331 -5621077.403617089
3034113.5955684353 -5602124.212224036
3069252.657702026 -5582949.858559457
3104270.550996088 -5563555.0995940035
3139165.893004164 -5543940.700999549
3173937.3061178927 -5524107.437118968
3208583.4176214314 -5504056.090935554
3243102.859745613 -5483787.454042127
3277494.2697219774 -5463302.326609759
3311756.2898365376 -5442601.51735621
3345887.5674834102 -5421685.843513984
3379886.7552182004 -5400556.130798067
3413752.5108111836 -5379213.213373341
3447483.497300325 -5357657.933821636
3481078.383044025 -5335891.143108487
3514535.841773729 -5313913.700549514
3547854.5526462435 -5291726.473776524
3581033.2002959237 -5269330.338703234
3614070.4748865636 -5246726.1794907125
3646965.0721631395 -5223914.888512457
3679715.693503265 -5200897.3663191805
3712321.0459684944 -5177674.521603244
3744779.842355345 -5154247.271162791
3777090.8012461057 -5130616.53986556
3809252.6470594523 -5106783.260612355
3841264.110100774 -5082748.374300238
3873123.926612331 -5058512.829785358
3904830.8388231113 -5034077.583845525
3936383.594998521 -5009443.601142398
3967780.949489763 -4984611.854183444
3999021.662783049 -4959583.323283509
4030104.501548515 -4934358.996526134
4061028.2386888997 -4908939.869724556
4091791.6533880187 -4883326.946382368
4122393.531158928 -4857521.237653936
4152832.663891899 -4831523.762304447
4183107.849902084 -4805335.546669719
4213217.893976986 -4778957.624615657
4243161.607423616 -4752391.0374974655
4272937.80811544 -4725636.834118511
4302545.320539046 -4698696.070688927
4331982.97584053 -4671569.810783932
4361249.611871676 -4644259.125301813
4390344.073235795 -4616765.092421676
4419265.211333381 -4589088.797560855
4448011.884407412 -4561231.333332088
4476582.957588469 -4533193.799500356
4504977.302939493 -4504977.302939495
4533193.799500354 -4476582.9575884715
4561231.333332086 -4448011.884407415
4589088.797560852 -4419265.211333383
4616765.092421674 -4390344.073235797
4644259.125301811 -4361249.611871677
4671569.81078393 -4331982.975840532
4698696.070688925 -4302545.320539048
4725636.834118508 -4272937.808115442
4752391.037497464 -4243161.607423618
4778957.624615655 -4213217.893976988
4805335.546669717 -4183107.849902086
4831523.762304445 -4152832.663891901
4857521.237653934 -4122393.5311589297
4883326.946382366 -4091791.6533880206
4908939.869724554 -4061028.2386889015
4934358.996526132 -4030104.501548517
4959583.3232835075 -3999021.6627830514
4984611.854183442 -3967780.949489766
5009443.601142397 -3936383.5949985227
5034077.583845523 -3904830.838823113
5058512.829785357 -3873123.926612333
5082748.374300236 -3841264.1101007764
5106783.260612354 -3809252.6470594546
5130616.539865559 -3777090.8012461076
5154247.271162789 -3744779.8423553477
5177674.5216032425 -3712321.0459684962
5200897.366319179 -3679715.6935032676
5223914.888512455 -3646965.0721631413
5246726.179490712 -3614070.474886566
5269330.338703232 -3581033.200295926
5291726.473776522 -3547854.5526462453
5313913.700549512 -3514535.8417737307
5335891.143108486 -3481078.3830440273
5357657.933821634 -3447483.497300327
5379213.21337334 -3413752.5108111855
5400556.130798065 -3379886.755218203
5421685.843513983 -3345887.567483413
5442601.517356209 -3311756.28983654
5463302.326609758 -3277494.2697219797
5483787.4540421255 -3243102.859745615
5504056.0909355525 -3208583.4176214333
5524107.437118967 -3173937.3061178946
5543940.700999548 -3139165.8930041664
5563555.099594003 -3104270.5509960903
5582949.858559455 -3069252.6577020283
5602124.2122240355 -3034113.5955684376
5621077.403617088 -2998854.7518253336
5639808.684499071 -2963477.518431489
5658317.315391093 -2927983.292019498
5676602.565604092 -2892373.473840654
5694663.713267703 -2856649.469709594
5712500.045358737 -2820812.6899488424
5730110.857729351 -2784864.5493330914
5747495.45513482 -2748806.4670333895
5764653.151261011 -2712639.866561075
5781583.268751456 -2676366.1757116173
5798285.139234107 -2639986.826508215
5814758.103347717 -2603503.2551452788
5831001.510767866 -2566916.901931746
5847014.720232644 -2530229.2112341854
5862797.099567959 -2493441.631419817
5878348.025712503 -2456555.614799291
5893666.88474233 -2419572.6175694
5908753.071895126 -2382494.099755529
5923605.991594048 -2345321.525154088
5938225.057471261 -2308056.361274662
5952609.692391073 -2270700.079282124
5966759.3284727335 -2233254.1539385123
5980673.40711283 -2195720.0635448513
5994351.379007368 -2158099.289882757
6007792.704173438 -2120393.3181559504
6020996.851970535 -2082603.6369316436
6033963.301121515 -2044731.7380817337
6046691.539733166 -2006779.1167239514
6059181.065316423 -1968747.2711627912
6071431.3848062 -1930637.7028304066
6083442.014580863 -1892451.9162272902
6095212.480481308 -1854191.418862923
6106742.3178297 -1815857.7211962235
6118031.071447804 -1777452.336575932
6129078.295674952 -1738976.781180884
6139883.554385651 -1700432.5739601145
6150446.421006787 -1661821.2365729376
6160766.478534473 -1623144.293328829
6170843.319550508 -1584403.2711272934
6180676.546238464 -1545599.6993975413
6190265.770399387 -1506735.110038153
6199610.613467127 -1467811.037356564
6208710.706523282 -1428829.01800851
6217565.690311759 -1389790.5909373774
6226175.21525296 -1350697.2973134117
6234538.941457582 -1311550.680472918
6242656.538740037 -1272352.2858572882
6250527.686631481 -1233103.6609520342
6258152.074392476 -1193806.355225652
6265529.401025245 -1154461.920068495
6272659.375285568 -1115071.9087314834
6279541.715694265 -1075637.8762648297
6286176.150548327 -1036161.3794566081
6292562.417931622 -996643.9767713123
6298700.265725249 -957087.2282883471
6304589.451617489 -917492.6956403995
6310229.743113365 -877861.9419518324
6315620.917543827 -838196.5317769321
6320762.762074538 -798498.0310381849
6325655.073714283 -758768.0069644146
6330297.659322973 -719008.0280289538
6334690.335619279 -679219.6638876853
6338832.929187863 -639404.4853170913
6342725.276486223 -599564.0641522584
6346367.223851152 -559699.9732247854
6349758.627504804 -519813.7863007349
6352899.353560371 -479907.0780184594
6355789.278027366 -439981.4238264818
6358428.286816518 -400038.3999212548
6360816.27574428 -360079.58318498003
6362953.150536938 -320106.5511233161
6364838.826834332 -280120.8818031184
6366473.230193194 -240124.15379015653
6367856.296090076 -200117.94608675578
6368987.969923904 -160103.838069506
6369868.207018134 -120083.40942686524
6370496.972622513 -80058.2400968417
6370874.241914449 -40029.91020457515
6371000.0 -1.5604449514735575e-09
